100
88776 78262 3.4
74209 59153 8.4
54182 3745 8.4
1059 16406 9.6
72879 6571 1.1
68395 23295 7.9
94963 71287 1.4
83864 89918 7.0
47018 79830 6.9
25173 32645 5.1
44711 37127 1.7
84172 14207 7.0
34349 93230 7.0
54315 73265 1.7
32997 51944 4.1
43396 72125 6.0
23349 53242 1.8
63522 77142 8.2
20500 69741 1.9
78768 28544 5.6
67864 46030 1.7
94895 31241 2.6
79853 39619 7.0
72700 41979 1.2
27001 70233 3.3
89232 73931 8.9
60242 27950 4.1
68761 57155 1.5
39913 91194 8.7
78858 90766 4.0
28964 31532 6.7
17227 60927 6.7
11402 88460 8.7
39393 39706 8.2
69848 46000 3.4
94469 72833 6.5
7192 50010 6.4
20505 12104 2.1
55218 73555 3.3
43924 7693 8.9
50634 52562 7.8
36411 36048 1.7
39098 62529 2.7
20780 40235 3.0
22847 80212 5.5
39879 72970 5.4
52093 40654 8.5
66462 78282 2.2
5845 90799 8.4
77141 61621 1.6
88180 47723 5.0
20626 83357 2.8
62999 85488 6.5
87035 71881 4.3
86750 58760 3.2
74993 64732 8.6
17646 96688 8.3
78911 66573 9.1
89542 63133 3.4
89443 29363 8.6
37612 31841 8.1
81840 56221 3.9
41191 63316 8.2
43361 12029 9.1
39816 35558 5.0
55273 59486 9.4
45979 9892 1.0
66654 81298 3.5
98320 33188 5.9
91460 45586 4.3
73520 41781 7.2
78087 91881 5.0
29622 2908 6.7
83717 82829 5.5
4535 17195 9.5
50163 9149 8.2
43101 93012 9.2
18209 8918 6.5
56996 82771 5.3
22372 15612 4.2
70107 15934 7.5
89244 58714 9.6
77370 71563 5.2
78581 5867 7.4
1083 26399 3.5
21626 47024 3.9
70719 26785 7.5
61708 86136 8.6
17005 36025 9.6
72640 36385 3.3
34855 17879 1.4
18774 85935 1.7
12097 90586 7.4
23104 27062 1.0
11729 57831 7.1
83090 12257 7.3
34418 72552 2.1
94686 65539 9.5
86997 344 7.6
93956 61374 6.8
100
39843 2335 3.8
1152 43409 7.8
74207 67852 7.4
37732 49060 7.4
52637 6563 7.9
11826 77975 1.2
95932 49900 9.6
45357 22956 8.3
68538 58786 9.4
58464 88426 1.7
81191 52190 6.8
44818 64495 1.0
935 93999 8.7
22757 3290 5.4
83462 73928 3.2
91796 19005 3.1
89429 14094 9.4
22794 44172 8.1
92597 81338 4.3
4629 57548 1.9
91219 44590 9.5
554 91648 5.3
45181 75503 5.9
12246 38794 4.0
21932 58903 6.6
39097 16375 2.8
87436 4123 5.6
53188 53717 8.4
68671 87979 3.8
7994 9828 1.7
75401 16593 4.5
11943 73380 3.4
45737 5743 2.5
833 36758 9.3
23321 18460 3.2
52858 12052 4.0
43629 41955 5.2
92338 77105 6.6
54725 70863 9.5
3802 74272 9.2
26995 85126 5.2
67307 37641 3.5
80666 82153 9.9
64748 55821 3.4
47922 35666 9.7
87721 63901 8.0
31355 94224 5.8
97691 42891 9.1
36668 92610 1.3
90788 64028 3.0
58751 6991 9.4
74667 14028 3.6
41866 4566 7.9
69146 67675 7.9
3851 29968 7.5
55149 20620 3.0
93528 58635 6.9
66677 37923 7.8
43481 61496 8.9
11590 59831 4.2
74361 24264 6.4
29754 28733 7.4
94733 93408 1.0
34384 98171 1.4
37462 85321 3.9
26422 37723 9.1
47656 20431 1.4
59794 72337 1.5
78226 45940 2.1
70108 71987 9.2
32050 86921 1.9
10982 35371 4.4
33633 97370 4.7
50600 37486 2.2
84611 19229 3.3
12477 93287 2.9
64272 82009 6.7
60313 15330 8.9
20556 43107 8.3
33135 94079 4.8
82366 94071 8.7
38465 1241 5.4
58034 60438 4.8
76964 46666 8.7
55090 44473 6.5
1726 10139 1.6
4190 31114 3.9
25482 85913 1.2
95491 43673 7.4
36466 77978 5.2
80261 25505 1.6
9683 49754 9.7
26961 80459 8.3
95308 35558 3.0
84122 87442 2.2
59994 49288 7.6
13792 38089 7.6
70041 30131 5.7
35245 60220 7.7
34526 57334 5.7
